
state={
	id=292
	name="STATE_292"
	resources={
		oil=3.000
	}

	history={
		owner = SAU
		buildings = {
			infrastructure = 1
			arms_factory = 1
			industrial_complex = 1
			12702 = {
				naval_base = 6

			}

		}
		victory_points = {
			12727 5
		}
		add_core_of = SAU
		add_core_of = RAS
	}

	provinces={
		2057 4968 4974 5024 5027 5058 5093 5099 7970 7995 8004 8060 8101 10815 10850 10892 10901 10923 12455 12727 12749 12813 12870 13347 13354 13360 13363 13371 13375 13378 13380 13384 13390 13391 13394 13400 13410 13413 13417 13421 13422 13423 13428 13429 13431 13433 13434 13438 13442 13444 13445 13449 13451 13454 13456 13458 13460 13462 13463 13466 13469 13470 13472 13474 13475 13476 13478 13480 13482 13484 13485 13486 13487 13488 13489 13492 13493 13494 13495 13496 13498 13501 13503 13504 13505 13506 13508 13509 13510 13512 13513 13514 13515 13516 13517 13518 13519 13521 13522 13523 13524 13526 13527 13529 13530 13531 13532 13533 13536 13537 13538 13539 13540 13541 13542 13543 13544
	}
	manpower=1440000
	buildings_max_level_factor=1.000
	state_category=rural
}
